spawns: 
  default: 
    world: lobby
    x: 0.5162308124681351
    y: 64.0
    z: 140.0212817321407
    yaw: 1.801102
    pitch: 5.5498343
