world: lobby
x: -6.519624834841725
y: 67.0
z: 167.58832968520994
yaw: -359.75604
pitch: 1.8521411
name: shop
