world: main
x: 57.34092235373957
y: 111.0
z: 299.36718802421535
yaw: 88.46018
pitch: 8.26519
name: wild
